41.772481 0.000000000 0.000000000 0.000000000 0.000000000 0.000000000 0.000000000 1.000000000
41.855815999 0.081085510 -0.049496845 0.226639957 -0.000083509 -0.000298267 0.000103829 0.999999947
41.922483999 0.101927036 -0.075822079 0.399233296 -0.000010513 -0.000328082 -0.000010786 0.999999946
73.306444999 4.518999945 -6.133519502 76.313147776 -0.064000427 -0.051306895 -0.018778483 0.996453168
73.356446000 4.525967964 -6.138947611 76.441846561 -0.064394035 -0.051312753 -0.018808761 0.996426937
73.489782000 4.517464728 -6.182471939 76.789349834 -0.069077928 -0.050508752 -0.018993432 0.996150769
73.606451000 4.470928312 -6.180303800 77.083336723 -0.075541331 -0.046717487 -0.018473102 0.995876362
75.739827000 4.699980458 -6.197241813 82.515549155 -0.082546744 -0.053914239 -0.022986192 0.994862264
76.073166999 4.740113926 -6.200116454 83.419079241 -0.083476676 -0.054386969 -0.023498533 0.994746963
76.139835000 4.745392992 -6.210399587 83.606053190 -0.085165077 -0.055231861 -0.023971292 0.994545991
76.239836999 4.790759687 -6.243680203 83.867064813 -0.089931673 -0.058566152 -0.025493861 0.993897562
78.006539000 4.994392620 -6.215642118 88.411683926 -0.107364037 -0.073832229 -0.036386021 0.990806653
78.089873999 5.002054410 -6.203799290 88.632409004 -0.107558038 -0.073773617 -0.036462137 0.990787179
78.189875999 5.016606734 -6.203242890 88.896265436 -0.107578923 -0.073896132 -0.036506570 0.990774146
79.406566999 5.213739369 -6.231689633 92.058577500 -0.117088714 -0.080054939 -0.039385970 0.989105750
84.540002999 6.736854237 -6.287023310 103.541005859 -0.175511746 -0.189797318 -0.100548645 0.960761456
84.690005999 6.771454677 -6.311591410 103.857465044 -0.178386167 -0.192499856 -0.102424819 0.959495356
84.756674000 6.788878013 -6.326572495 104.008970128 -0.182058454 -0.195327544 -0.104444214 0.958015280
86.373373000 6.579984623 -6.283528702 107.200689624 -0.202934334 -0.208136935 -0.115733554 0.949790723
86.473375000 6.550615847 -6.288393989 107.406627833 -0.205346463 -0.210787499 -0.117792576 0.948433640
86.556709999 6.554210867 -6.327484231 107.582771620 -0.210260701 -0.216568037 -0.121718405 0.945554521
87.706732999 6.125132592 -6.333350973 109.706166391 -0.222556257 -0.239650587 -0.140032638 0.934573255
87.890069999 6.076584157 -6.362629356 110.100857095 -0.228478901 -0.246831550 -0.144971631 0.930513194
87.956738000 6.074232220 -6.380064155 110.259011265 -0.232578903 -0.252597149 -0.148779199 0.927343779
88.040073000 6.075719592 -6.402461426 110.444622216 -0.237632566 -0.260143914 -0.153538177 0.923191170
89.590103999 5.550377168 -6.442449188 113.508744585 -0.297268658 -0.337828483 -0.221612366 0.865096076
89.673439000 5.507010252 -6.477775697 113.699742154 -0.301163549 -0.347879228 -0.231323851 0.857187165
89.740106999 5.507441601 -6.500131025 113.845346526 -0.304593474 -0.356350828 -0.238179163 0.850592493
89.806775000 5.480882054 -6.517342279 114.002185839 -0.309065277 -0.363877541 -0.245809594 0.843593168
89.990111999 5.528666987 -6.531769684 114.450216678 -0.321651851 -0.384414427 -0.263776721 0.824128313
90.006778999 5.458604032 -6.559778051 114.461213927 -0.324221732 -0.383365567 -0.267364183 0.822452129
90.123447999 5.426309468 -6.577570313 114.719325691 -0.332303659 -0.391967634 -0.278820508 0.811292042
90.140114999 5.446479189 -6.580133341 114.757642582 -0.333012732 -0.393767182 -0.279529225 0.809884769
90.173449000 5.448101365 -6.572748187 114.827786817 -0.334164732 -0.396222359 -0.282193217 0.807284809
90.223449999 5.427210029 -6.558361890 114.932384428 -0.335990527 -0.398853410 -0.285847689 0.803938693
90.240116999 5.427497876 -6.571117726 114.965457976 -0.337129382 -0.399615850 -0.286455257 0.802866327
90.256783999 5.426291961 -6.564316658 114.986187014 -0.337119692 -0.400231827 -0.287369606 0.802236566
90.390119999 5.469564137 -6.510675736 115.292939967 -0.336412389 -0.412611602 -0.293469880 0.794011209
90.406786999 5.424536685 -6.528104667 115.292418920 -0.337016454 -0.411893838 -0.296033992 0.793175423
90.523455999 5.424968529 -6.543397034 115.575990596 -0.336490127 -0.425313999 -0.302937547 0.783652499
90.540122999 5.401210295 -6.547906850 115.591567546 -0.336213327 -0.425971283 -0.305078915 0.782582852
90.556790000 5.411924239 -6.548406088 115.638186705 -0.335864764 -0.428652886 -0.306000261 0.780906783
90.573457000 5.409752739 -6.552243685 115.669281206 -0.335446750 -0.430485561 -0.307448999 0.779508033
90.590124000 5.404642258 -6.554373924 115.707626320 -0.335279993 -0.432429161 -0.308842742 0.777951482
90.690126000 5.411596077 -6.513738912 115.902151852 -0.330644052 -0.444093214 -0.315958200 0.770471378
90.740127000 5.419534281 -6.516717842 116.012062273 -0.329211015 -0.450181946 -0.318832357 0.766356478
90.756793999 5.399803922 -6.523255795 116.050180244 -0.329557571 -0.451557846 -0.320428014 0.764730807
90.923463999 5.365705300 -6.520692324 116.371956792 -0.326005046 -0.466271541 -0.329661780 0.753415337
90.973465000 5.344001061 -6.501780754 116.434922823 -0.324163946 -0.468707099 -0.332748176 0.751338834
90.990132000 5.348677716 -6.504950543 116.472289271 -0.324274144 -0.469914966 -0.332525632 0.750635003
91.156801999 5.252067611 -6.527687456 116.717522295 -0.324325880 -0.474889120 -0.338470514 0.744802496
91.190135999 5.278859921 -6.498714596 116.765165819 -0.322592002 -0.476940771 -0.338119987 0.744403637
91.290137999 5.240906584 -6.485541669 116.891325359 -0.321302761 -0.480171272 -0.341299056 0.741427704
91.306804999 5.228745007 -6.478155513 116.894454310 -0.320744919 -0.480153120 -0.342235402 0.741249357
91.323471999 5.219616057 -6.478635838 116.914687240 -0.320690708 -0.480664746 -0.342844995 0.740659288
91.456807999 5.194694511 -6.464068719 117.104587442 -0.319138582 -0.487822189 -0.347158890 0.734616078
91.473474999 5.182236549 -6.469922966 117.129295041 -0.319485133 -0.488494957 -0.347994856 0.733622182
91.556809999 5.179504823 -6.452296560 117.239315232 -0.318027580 -0.493421651 -0.350685108 0.729666697
91.606810999 5.138378504 -6.460632191 117.300011276 -0.318563242 -0.494937171 -0.353609476 0.726990369
91.656812000 5.142133010 -6.439330917 117.353622816 -0.317759995 -0.497366035 -0.354263429 0.725364072
91.673479000 5.142896807 -6.436892011 117.373202804 -0.317516551 -0.498200228 -0.354724959 0.724672323
91.773481000 5.121361295 -6.410750513 117.462449209 -0.316113148 -0.500702239 -0.356909255 0.722485660
91.790148000 5.122530383 -6.403240513 117.482828005 -0.315996241 -0.501293455 -0.356823731 0.722169005
91.806815000 5.117779503 -6.401803686 117.494124854 -0.315900069 -0.501316299 -0.357190955 0.722013668
91.890150000 5.099932690 -6.383405565 117.552797060 -0.315658945 -0.501181753 -0.357543286 0.722038143
92.040153000 5.063775157 -6.350150719 117.657125493 -0.314927653 -0.500530202 -0.357541328 0.722809996
92.073487000 5.045184634 -6.356894099 117.685279838 -0.315406720 -0.500375456 -0.357683241 0.722638016
92.156822000 5.034348605 -6.321863201 117.717433241 -0.313188183 -0.500171652 -0.357124427 0.724019078
92.173489000 5.030133687 -6.311384240 117.717906394 -0.312574600 -0.499880118 -0.357035325 0.724529339
92.240156999 5.020724607 -6.313844002 117.777515482 -0.312553198 -0.501138438 -0.355938684 0.724208821
92.256823999 5.023621165 -6.302930866 117.779387082 -0.311695847 -0.501172128 -0.355871799 0.724587786
92.273491000 5.023530952 -6.282771909 117.782316617 -0.310867358 -0.501076175 -0.355365919 0.725258034
92.290158000 5.018253199 -6.277865032 117.793927781 -0.310714819 -0.501264292 -0.355323481 0.725214199
92.323492000 5.019184154 -6.267154846 117.816785086 -0.310207545 -0.501797516 -0.354645708 0.725394344
92.340158999 5.001435156 -6.270511387 117.832505864 -0.310525803 -0.501845067 -0.355320210 0.724895029
92.506828999 4.964362493 -6.213713201 117.888060753 -0.309701059 -0.501632712 -0.354274767 0.725905824
92.656831999 4.956905839 -6.165161044 117.939442627 -0.310375621 -0.501854869 -0.353172859 0.726001099
92.773500999 4.947882805 -6.116241675 117.939992990 -0.311429764 -0.499375482 -0.351723858 0.727960134
92.806835000 4.958577428 -6.091000198 117.935337640 -0.310993495 -0.498769716 -0.350815022 0.728999751
92.823502000 4.952055771 -6.090316879 117.936961081 -0.311454033 -0.498276241 -0.350789251 0.729152984
92.856836000 4.959323451 -6.072326382 117.941166864 -0.311441097 -0.497827621 -0.349951120 0.729867328
93.023505999 4.938967476 -6.016099030 117.922974817 -0.311871805 -0.494438038 -0.347798104 0.733009879
93.040172999 4.960169095 -5.998937458 117.926861906 -0.311023344 -0.495003210 -0.346483493 0.733611267
93.223510000 4.960344644 -5.932859321 117.926174786 -0.306052318 -0.495893077 -0.340967228 0.737674307
93.290177999 4.997403593 -5.873898685 117.925016218 -0.301795667 -0.497800984 -0.337330044 0.739812137
93.440180999 4.973170194 -5.852663068 117.933939462 -0.299425864 -0.499494487 -0.335211217 0.740596280
93.456847999 4.971599863 -5.847815327 117.923328314 -0.298971640 -0.499270531 -0.335402793 0.740844020
93.590183999 4.937984494 -5.833864990 117.916973612 -0.300019145 -0.498805440 -0.336407527 0.740278071
93.640185000 4.951339415 -5.792730221 117.921284634 -0.298924967 -0.499503817 -0.335725654 0.740559306
93.840188999 4.945486987 -5.738528931 117.916102444 -0.298111056 -0.500446653 -0.335292251 0.740447197
94.056860000 4.940619246 -5.663351794 117.916996824 -0.294206958 -0.502326621 -0.331461673 0.742457669
94.206862999 4.915016220 -5.618477656 117.883036182 -0.294634820 -0.497926727 -0.329766585 0.745998188
94.223529999 4.916796747 -5.610036250 117.878571497 -0.294606768 -0.497121717 -0.329150483 0.746817789
94.306865000 4.889749735 -5.585827186 117.855801469 -0.296558748 -0.490723065 -0.326359829 0.751487222
94.623537999 4.854085371 -5.474517141 117.828868997 -0.297760669 -0.483258378 -0.321167349 0.758057688
94.640204999 4.843384102 -5.476659946 117.821013888 -0.298054427 -0.482711702 -0.321574274 0.758118037
94.940211000 4.786597667 -5.403073765 117.830649126 -0.298480065 -0.483425250 -0.321607997 0.757481336
95.156881999 4.735935045 -5.356595652 117.833680862 -0.299924275 -0.482838552 -0.322419460 0.756939928
95.173548999 4.727006124 -5.354444549 117.832058775 -0.300277260 -0.482528485 -0.322799762 0.756835611
95.290217999 4.727543860 -5.324667204 117.859358219 -0.302963741 -0.482875397 -0.323125482 0.755403366
95.490222000 4.658706549 -5.322044464 117.851568426 -0.311326877 -0.478909612 -0.328834215 0.752056658
95.523555999 4.650915776 -5.330711619 117.853389803 -0.312910053 -0.478487032 -0.329685523 0.751295491
95.673558999 4.601777537 -5.356828623 117.856510993 -0.319966056 -0.475691390 -0.333755425 0.748295891
95.706892999 4.596144172 -5.368870391 117.851516934 -0.321340208 -0.475039514 -0.334725056 0.747687815
95.823561999 4.621485841 -5.375830639 117.866708901 -0.324215337 -0.475268257 -0.334955748 0.746196453
95.840228999 4.617623206 -5.371680890 117.863036971 -0.324453600 -0.474872325 -0.335201879 0.746234438
95.923563999 4.588673435 -5.398802830 117.868115780 -0.328246295 -0.473119866 -0.336963025 0.744894544
95.956897999 4.586399413 -5.405534151 117.874404937 -0.329772841 -0.472587518 -0.337512218 0.744309354
96.006899000 4.574405542 -5.415594596 117.868723062 -0.332549696 -0.470469653 -0.338759165 0.743848932
96.023566000 4.554374012 -5.432482717 117.877524975 -0.334717333 -0.469615995 -0.339886212 0.742901399
96.090233999 4.543404382 -5.434160957 117.868066116 -0.338053618 -0.466484702 -0.341110269 0.742802503
96.106900999 4.534882154 -5.450411332 117.872036504 -0.339698673 -0.465631133 -0.341271886 0.742513272
96.140235000 4.536958321 -5.445523038 117.871334842 -0.340336637 -0.464807103 -0.340945851 0.742887109
96.256904000 4.501662198 -5.467326999 117.869638722 -0.341462794 -0.463321367 -0.340331015 0.743580037
96.290238000 4.495612915 -5.469830642 117.875274950 -0.341097747 -0.463777846 -0.339728836 0.743738365
96.490241999 4.399277570 -5.481332224 117.913997230 -0.339685923 -0.465044197 -0.338158750 0.744309094
96.506908999 4.374469039 -5.498315879 117.923383784 -0.340715704 -0.464745865 -0.338765886 0.743748455
96.523576000 4.356041017 -5.500322538 117.925049887 -0.341041031 -0.464325841 -0.338852615 0.743822179
96.556910000 4.330590067 -5.496174409 117.931994463 -0.341158796 -0.464056818 -0.338902656 0.743913258
96.606910999 4.319269574 -5.472459777 117.944763895 -0.340070079 -0.464654901 -0.337927953 0.744481607
96.706913000 4.254815598 -5.444646192 117.964816638 -0.339854239 -0.464169054 -0.337579564 0.745041088
96.823582000 4.197557555 -5.401734283 117.959843621 -0.339179369 -0.461509350 -0.335501573 0.747933934
96.940251000 4.067272925 -5.384249517 117.914446117 -0.344841940 -0.446062385 -0.330128568 0.757051856
96.973584999 4.028157969 -5.388674060 117.895774562 -0.348656421 -0.437644522 -0.325867326 0.762047543
97.006918999 3.982429694 -5.377219749 117.859087818 -0.352657562 -0.426429334 -0.320379696 0.768861182
97.056920000 3.896994083 -5.373422551 117.798253787 -0.361182696 -0.405502295 -0.310446497 0.780216586
97.073587000 3.841452209 -5.374649586 117.753617188 -0.364328839 -0.396101975 -0.308132175 0.784488550
97.090254000 3.801103523 -5.380165921 117.733598107 -0.368394105 -0.387543621 -0.304480261 0.788281356
97.123587999 3.744568320 -5.358336781 117.680786712 -0.374919124 -0.370565134 -0.296339784 0.796429448
97.156921999 3.633976484 -5.376718164 117.638212699 -0.384646474 -0.351498242 -0.290254501 0.802650859
97.173589000 3.628882229 -5.357042454 117.617108369 -0.387555420 -0.344097179 -0.285463694 0.806168969
97.190256000 3.592277444 -5.361147097 117.605336670 -0.392309290 -0.335784891 -0.281913497 0.808620249
97.223590000 3.526123069 -5.347212919 117.571934310 -0.400311563 -0.320070551 -0.275623015 0.813226567
97.240256999 3.490059418 -5.344972616 117.558353909 -0.404566156 -0.312592302 -0.273094097 0.814881520
97.256923999 3.439758558 -5.344454185 117.532227390 -0.408781333 -0.304316467 -0.271420928 0.816467996
97.290257999 3.424555216 -5.352775586 117.556420971 -0.419130262 -0.293974958 -0.264484680 0.817285997
97.306925000 3.412757963 -5.360122680 117.566148084 -0.424614880 -0.288650137 -0.260941929 0.817491659
97.323592000 3.332293045 -5.353635014 117.540743907 -0.429647699 -0.279468798 -0.260929928 0.818056000
97.340259000 3.341264636 -5.344886690 117.546315600 -0.434008179 -0.275483621 -0.257698576 0.818130258
97.356926000 3.355542930 -5.354202122 117.563990945 -0.439490031 -0.271954656 -0.253746733 0.817619577
97.373592999 3.290109677 -5.388271906 117.587929003 -0.447788683 -0.264943817 -0.252854715 0.815692689
97.406926999 3.374914907 -5.360189662 117.591612780 -0.454680779 -0.261050716 -0.244718693 0.815616745
97.423593999 3.351716708 -5.357248363 117.596091148 -0.460339886 -0.255620228 -0.242311542 0.814880731
97.440261000 3.352521524 -5.320967757 117.568949294 -0.462963970 -0.250914325 -0.239872436 0.815578064
97.456928000 3.348840475 -5.314032503 117.571765174 -0.467872605 -0.246757770 -0.237293221 0.814799212
97.490262000 3.315624225 -5.319740361 117.581666732 -0.478640818 -0.237586577 -0.233078474 0.812483852
97.506928999 3.303368364 -5.334975994 117.615125305 -0.485536602 -0.233814278 -0.230413180 0.810243703
97.523595999 3.311968682 -5.317940730 117.618990808 -0.489708765 -0.230318395 -0.227171634 0.809649190
97.540262999 3.350263669 -5.331276169 117.615875283 -0.493834773 -0.227496255 -0.220709969 0.809728214
97.556929999 3.305530419 -5.340225194 117.592166623 -0.497964945 -0.221378598 -0.220004036 0.809086308
97.573597000 3.326748271 -5.369800399 117.581357680 -0.502191920 -0.217937655 -0.214453265 0.808898171
97.606931000 3.302453156 -5.367279488 117.594528112 -0.511620031 -0.208523841 -0.206857031 0.807448401
97.623598000 3.375147122 -5.350686414 117.616047142 -0.514932832 -0.208571205 -0.199854271 0.807093862
97.640264999 3.350730785 -5.363162074 117.603096538 -0.519055120 -0.202941541 -0.196127230 0.806802716
97.656931999 3.332610074 -5.352635485 117.587579234 -0.522384575 -0.197319348 -0.191849857 0.807076863
97.673598999 3.315580900 -5.341817582 117.579913723 -0.525688110 -0.192402354 -0.188439711 0.806922438
97.690265999 3.315163848 -5.337099817 117.581271592 -0.529541821 -0.188168720 -0.183211221 0.806605009
97.706933000 3.320231564 -5.339284601 117.580557253 -0.532967099 -0.184032493 -0.177764360 0.806522130
97.723600000 3.324858664 -5.337527868 117.580818917 -0.536479856 -0.179775399 -0.171637141 0.806480540
97.756934000 3.332770889 -5.333709312 117.579318067 -0.542880977 -0.171195189 -0.159256918 0.806603797
97.773600999 3.342629611 -5.336864217 117.577143238 -0.545958832 -0.167054004 -0.152370605 0.806724930
97.790267999 3.347915505 -5.335237518 117.578183522 -0.549025355 -0.162953548 -0.145950919 0.806669468
97.806934999 3.353601602 -5.336137357 117.574878237 -0.551906389 -0.158384224 -0.138902489 0.806858026
97.823601999 3.355909959 -5.330364367 117.573875993 -0.554772908 -0.153775536 -0.131948176 0.806950918
97.840269000 3.361085146 -5.328692897 117.571121154 -0.557438337 -0.149371375 -0.124980669 0.807050510
97.856936000 3.363599807 -5.323401801 117.570612942 -0.560097008 -0.145022921 -0.118185390 0.807026584
97.873603000 3.374198904 -5.324046797 117.574952148 -0.563014462 -0.141305935 -0.111144773 0.806656177
97.890270000 3.386644227 -5.328392546 117.569002391 -0.565249361 -0.137312865 -0.103976154 0.806738679
97.906936999 3.392392384 -5.326409882 117.569211100 -0.567859813 -0.133185660 -0.096877162 0.806481015
97.956937999 3.430482263 -5.330232155 117.562688439 -0.574879796 -0.121777405 -0.074468678 0.805690946
97.990272000 3.447441720 -5.325232757 117.547695897 -0.578837471 -0.113463221 -0.059343402 0.805327040
98.006939000 3.458307633 -5.322844509 117.552001544 -0.581197924 -0.110257220 -0.052434445 0.804551395
98.023606000 3.458718811 -5.316527485 117.549859862 -0.583360960 -0.106008811 -0.045329437 0.803988411
98.040272999 3.454425900 -5.302107477 117.542762859 -0.585032170 -0.101182486 -0.037903596 0.803780307
98.090273999 3.481923651 -5.292988749 117.524581113 -0.590319682 -0.089926257 -0.015148668 0.802001533
98.106941000 3.494443616 -5.296177088 117.514278015 -0.591822161 -0.086393095 -0.007645456 0.801388988
98.123608000 3.492655306 -5.287093904 117.508112530 -0.593319053 -0.082238422 -0.000412094 0.800755377
98.140275000 3.496351597 -5.281590337 117.501487553 -0.594756450 -0.078424602 0.006792873 0.800042626
98.173608999 3.515312700 -5.280296958 117.502955567 -0.598372604 -0.072229360 0.020676320 0.797687681
98.190275999 3.524232953 -5.250564145 117.528142077 -0.600695259 -0.069726916 0.027203545 0.795966916
98.206942999 3.530244213 -5.247370066 117.525312544 -0.602192639 -0.066756150 0.033700579 0.794840809
98.223609999 3.534871543 -5.244198937 117.524827723 -0.603795048 -0.063823129 0.040032331 0.793571396
98.290278000 3.536999883 -5.204993785 117.530904715 -0.610214829 -0.052165187 0.064650047 0.787868661
98.306944999 3.537097996 -5.196669510 117.527322764 -0.611681674 -0.049309102 0.070798620 0.786385210
98.356945999 3.555395802 -5.184124105 117.487461400 -0.614976443 -0.040908225 0.090853059 0.782225168
98.373613000 3.559614708 -5.180486295 117.469146719 -0.615842983 -0.037740276 0.097905653 0.780850546
98.406947000 3.538728043 -5.148445620 117.492856750 -0.620263047 -0.032242238 0.108414478 0.776196168
98.423614000 3.546089247 -5.130576742 117.505747002 -0.622410737 -0.030989244 0.113600372 0.773782590
98.440280999 3.550373373 -5.116272213 117.513596863 -0.624323470 -0.028881505 0.119527046 0.771426827
98.456947999 3.558392798 -5.098125434 117.519400262 -0.626091940 -0.027452351 0.125199786 0.769142552
98.473614999 3.562881138 -5.083167038 117.523541170 -0.627745622 -0.025675276 0.130916274 0.766901000
98.756953999 3.607812442 -4.823733131 117.586208235 -0.650431065 0.000094055 0.224187197 0.725726892
98.773621000 3.608294138 -4.809883661 117.586432334 -0.651012476 0.001756765 0.229798207 0.723444852
98.840288999 3.615811678 -4.752469924 117.594866490 -0.652548067 0.007194299 0.250879457 0.714974657
98.873622999 3.619183153 -4.715066410 117.605826301 -0.652781258 0.009636691 0.260902286 0.711135543
98.890289999 3.613706374 -4.705468697 117.606590266 -0.652628355 0.011436574 0.265700421 0.709470733
98.906957000 3.610715499 -4.696125050 117.605840131 -0.652223305 0.013097071 0.270547567 0.707981102
99.090294000 3.590645240 -4.543695360 117.628285908 -0.643040012 0.029268117 0.317348014 0.696371423
99.123627999 3.583091778 -4.524897151 117.638420252 -0.639628066 0.034815004 0.327867064 0.694382489
99.140294999 3.579147368 -4.512765779 117.642611132 -0.637481265 0.037758022 0.333332342 0.693600403
99.173629000 3.573963347 -4.494983290 117.649861924 -0.632366974 0.044635931 0.345167536 0.692083099
99.240296999 3.590697588 -4.461626911 117.630568374 -0.617782120 0.059044918 0.370112513 0.691285525
99.256963999 3.587827102 -4.438075457 117.632278854 -0.613582288 0.062832186 0.376001002 0.691514381
99.273630999 3.582449685 -4.429702712 117.642094432 -0.609913951 0.067491695 0.381198628 0.691474836
99.290298000 3.586559858 -4.421051961 117.651946867 -0.606083170 0.071342052 0.386303652 0.691623446
99.306965000 3.581611825 -4.405758242 117.650108526 -0.601443170 0.075404744 0.390906744 0.692655871
99.373632999 3.567101955 -4.380246515 117.665199264 -0.584536902 0.090296375 0.403145464 0.698310039
99.390299999 3.557515842 -4.382931206 117.685385239 -0.581575973 0.093967752 0.403624904 0.700018847
99.406966999 3.556805515 -4.369937240 117.688865949 -0.577423097 0.096316182 0.405007781 0.702335004
99.423634000 3.555160224 -4.354792828 117.692984950 -0.573373284 0.098470071 0.405896361 0.704836766
99.640304999 3.523047651 -4.167559823 117.790428802 -0.542584212 0.110613772 0.408999814 0.725317943
99.673638999 3.518747138 -4.137370440 117.807847695 -0.541740271 0.109869742 0.409540406 0.725756691
99.690306000 3.511327671 -4.126896405 117.819895473 -0.541741231 0.109891655 0.409516423 0.725766190
99.706973000 3.500712555 -4.112916863 117.824284247 -0.541180618 0.109847839 0.409492784 0.726204276
99.756973999 3.494371848 -4.073521270 117.850584250 -0.541111718 0.108415250 0.410614988 0.725837154
99.790307999 3.476366731 -4.043847226 117.859963032 -0.540193600 0.107991793 0.410853051 0.726449185
99.840309000 3.468643594 -3.997706152 117.879709822 -0.539544052 0.106276924 0.412096144 0.726480695
99.873643000 3.470932501 -3.966595936 117.890043056 -0.539020324 0.104674642 0.413489343 0.726310452
100.290317999 3.351777993 -3.583051663 118.046148498 -0.529492534 0.093267998 0.422020793 0.729956977
100.440320999 3.296114366 -3.439246928 118.113148971 -0.525350148 0.090094284 0.424610802 0.731844183
100.456987999 3.295129859 -3.420124435 118.118872508 -0.524739686 0.089260554 0.425297757 0.731985406
100.506989000 3.283378758 -3.367848762 118.139246057 -0.523106352 0.087530257 0.426651458 0.732575411
